[fon.jpg]
filters=Vignette=1,50.000000,2.000000,0.000000,00000000;
moddate=4c4302822bd0d301
width=1366
height=910
textactive=0
